godev/testdata/asciidata/test.ASC
ncols 62
nrows 62
xllcorner   0.00
yllcorner   0.00
CELLSIZE 100.00
NODATA_VALUE -30000
[rows 0 to 37 of 62, columns 0 to 61 of 62]
500.00 500.00 500.00 500.00 500.00 500.00 500.00 500.00 500.00 500.00 500.00 500.00 500.00 500.00 500.00 500.00 500.00 500.00 500.00 500.00 500.00 500.00 500.00 500.00 500.00 500.00 500.00 500.00 500.00 500.00 500.00 500.00 500.00 500.00 500.00 500.00 500.00 500.00 500.00 500.00 500.00 500.00 500.00 500.00 500.00 500.00 500.00 500.00 500.00 500.00 500.00 500.00 500.00 500.00 500.00 500.00 500.00 500.00 500.00 500.00 500.00 500.00
557.25 557.25 557.25 557.25 557.25 557.25 557.25 557.25 557.25 557.25 557.25 557.25 557.25 557.25 557.25 557.25 557.25 557.25 557.25 557.25 557.25 557.25 557.25 557.25 557.25 557.25 557.25 557.25 557.25 557.25 557.25 557.25 557.25 557.25 557.25 557.25 557.25 557.25 557.25 557.25 557.25 557.25 557.25 557.25 557.25 557.25 557.25 557.25 557.25 557.25 557.25 557.25 557.25 557.25 557.25 557.25 557.25 557.25 557.25 557.25 557.25 557.25
628.06 628.06 628.06 628.06 628.06 628.06 628.06 628.06 628.06 628.06 628.06 628.06 628.06 628.06 628.06 628.06 628.06 628.06 628.06 628.06 628.06 628.06 628.06 628.06 628.06 628.06 628.06 628.06 628.06 628.06 628.06 628.06 628.06 628.06 628.06 628.06 628.06 628.06 628.06 628.06 628.06 628.06 628.06 628.06 628.06 628.06 628.06 628.06 628.06 628.06 628.06 628.06 628.06 628.06 628.06 628.06 628.06 628.06 628.06 628.06 628.06 628.06
709.70 709.70 709.70 709.70 709.70 709.70 709.70 709.70 709.70 709.70 709.70 709.70 709.70 709.70 709.70 709.70 709.70 709.70 709.70 709.70 709.70 709.70 709.70 709.70 709.70 709.70 709.70 709.70 709.70 709.70 709.70 709.70 709.70 709.70 709.70 709.70 709.70 709.70 709.70 709.70 709.70 709.70 709.70 709.70 709.70 709.70 709.70 709.70 709.70 709.70 709.70 709.70 709.70 709.70 709.70 709.70 709.70 709.70 709.70 709.70 709.70 709.70
797.02 797.02 797.02 797.02 797.02 797.02 797.02 797.02 797.02 797.02 797.02 797.02 797.02 797.02 797.02 797.02 797.02 797.02 797.02 797.02 797.02 797.02 797.02 797.02 797.02 797.02 797.02 797.02 797.02 797.02 797.02 797.02 797.02 797.02 797.02 797.02 797.02 797.02 797.02 797.02 797.02 797.02 797.02 797.02 797.02 797.02 797.02 797.02 797.02 797.02 797.02 797.02 797.02 797.02 797.02 797.02 797.02 797.02 797.02 797.02 797.02 797.02
881.79 881.79 881.79 881.79 881.79 881.79 881.79 881.79 881.79 881.79 881.79 881.79 881.79 881.79 881.79 881.79 881.79 881.79 881.79 881.79 881.79 881.79 881.79 881.79 881.79 881.79 881.79 881.79 881.79 881.79 881.79 881.79 881.79 881.79 881.79 881.79 881.79 881.79 881.79 881.79 881.79 881.79 881.79 881.79 881.79 881.79 881.79 881.79 881.79 881.79 881.79 881.79 881.79 881.79 881.79 881.79 881.79 881.79 881.79 881.79 881.79 881.79
952.45 952.45 952.45 952.45 952.45 952.45 952.45 952.45 952.45 952.45 952.45 952.45 952.45 952.45 952.45 952.45 952.45 952.45 952.45 952.45 952.45 952.45 952.45 952.45 952.45 952.45 952.45 952.45 952.45 952.45 952.45 952.45 952.45 952.45 952.45 952.45 952.45 952.45 952.45 952.45 952.45 952.45 952.45 952.45 952.45 952.45 952.45 952.45 952.45 952.45 952.45 952.45 952.45 952.45 952.45 952.45 952.45 952.45 952.45 952.45 952.45 952.45
994.55 994.55 994.55 994.55 994.55 994.55 994.55 994.55 994.55 994.55 994.55 994.55 994.55 994.55 994.55 994.55 994.55 994.55 994.55 994.55 994.55 994.55 994.55 994.55 994.55 994.55 994.55 994.55 994.55 994.55 994.55 994.55 994.55 994.55 994.55 994.55 994.55 994.55 994.55 994.55 994.55 994.55 994.55 994.55 994.55 994.55 994.55 994.55 994.55 994.55 994.55 994.55 994.55 994.55 994.55 994.55 994.55 994.55 994.55 994.55 994.55 994.55
992.50 992.50 992.50 992.50 992.50 992.50 992.50 992.50 992.50 992.50 992.50 992.50 992.50 992.50 992.50 992.50 992.50 992.50 992.50 992.50 992.50 992.50 992.50 992.50 992.50 992.50 992.50 992.50 992.50 992.50 992.50 992.50 992.50 992.50 992.50 992.50 992.50 992.50 992.50 992.50 992.50 992.50 992.50 992.50 992.50 992.50 992.50 992.50 992.50 992.50 992.50 992.50 992.50 992.50 992.50 992.50 992.50 992.50 992.50 992.50 992.50 992.50
932.84 932.84 932.84 932.84 932.84 932.84 932.84 932.84 932.84 932.84 932.84 932.84 932.84 932.84 932.84 932.84 932.84 932.84 932.84 932.84 932.84 932.84 932.84 932.84 932.84 932.84 932.84 932.84 932.84 932.84 932.84 932.84 932.84 932.84 932.84 932.84 932.84 932.84 932.84 932.84 932.84 932.84 932.84 932.84 932.84 932.84 932.84 932.84 932.84 932.84 932.84 932.84 932.84 932.84 932.84 932.84 932.84 932.84 932.84 932.84 932.84 932.84
808.99 808.99 808.99 808.99 808.99 808.99 808.99 808.99 808.99 808.99 808.99 808.99 808.99 808.99 808.99 808.99 808.99 808.99 808.99 808.99 808.99 808.99 808.99 808.99 808.99 808.99 808.99 808.99 808.99 808.99 808.99 808.99 808.99 808.99 808.99 808.99 808.99 808.99 808.99 808.99 808.99 808.99 808.99 808.99 808.99 808.99 808.99 808.99 808.99 808.99 808.99 808.99 808.99 808.99 808.99 808.99 808.99 808.99 808.99 808.99 808.99 808.99
626.77 626.77 626.77 626.77 626.77 626.77 626.77 626.77 626.77 626.77 626.77 626.77 626.77 626.77 626.77 626.77 626.77 626.77 626.77 626.77 626.77 626.77 626.77 626.77 626.77 626.77 626.77 626.77 626.77 626.77 626.77 626.77 626.77 626.77 626.77 626.77 626.77 626.77 626.77 626.77 626.77 626.77 626.77 626.77 626.77 626.77 626.77 626.77 626.77 626.77 626.77 626.77 626.77 626.77 626.77 626.77 626.77 626.77 626.77 626.77 626.77 626.77
409.01 409.01 409.01 409.01 409.01 409.01 409.01 409.01 409.01 409.01 409.01 409.01 409.01 409.01 409.01 409.01 409.01 409.01 409.01 409.01 409.01 409.01 409.01 409.01 409.01 409.01 409.01 409.01 409.01 409.01 409.01 409.01 409.01 409.01 409.01 409.01 409.01 409.01 409.01 409.01 409.01 409.01 409.01 409.01 409.01 409.01 409.01 409.01 409.01 409.01 409.01 409.01 409.01 409.01 409.01 409.01 409.01 409.01 409.01 409.01 409.01 409.01
196.67 196.67 196.67 196.67 196.67 196.67 196.67 196.67 196.67 196.67 196.67 196.67 196.67 196.67 196.67 196.67 196.67 196.67 196.67 196.67 196.67 196.67 196.67 196.67 196.67 196.67 196.67 196.67 196.67 196.67 196.67 196.67 196.67 196.67 196.67 196.67 196.67 196.67 196.67 196.67 196.67 196.67 196.67 196.67 196.67 196.67 196.67 196.67 196.67 196.67 196.67 196.67 196.67 196.67 196.67 196.67 196.67 196.67 196.67 196.67 196.67 196.67
43.58 43.58 43.58 43.58 43.58 43.58 43.58 43.58 43.58 43.58 43.58 43.58 43.58 43.58 43.58 43.58 43.58 43.58 43.58 43.58 43.58 43.58 43.58 43.58 43.58 43.58 43.58 43.58 43.58 43.58 43.58 43.58 43.58 43.58 43.58 43.58 43.58 43.58 43.58 43.58 43.58 43.58 43.58 43.58 43.58 43.58 43.58 43.58 43.58 43.58 43.58 43.58 43.58 43.58 43.58 43.58 43.58 43.58 43.58 43.58 43.58 43.58
2.87 2.87 2.87 2.87 2.87 2.87 2.87 2.87 2.87 2.87 2.87 2.87 2.87 2.87 2.87 2.87 2.87 2.87 2.87 2.87 2.87 2.87 2.87 2.87 2.87 2.87 2.87 2.87 2.87 2.87 2.87 2.87 2.87 2.87 2.87 2.87 2.87 2.87 2.87 2.87 2.87 2.87 2.87 2.87 2.87 2.87 2.87 2.87 2.87 2.87 2.87 2.87 2.87 2.87 2.87 2.87 2.87 2.87 2.87 2.87 2.87 2.87
106.44 106.44 106.44 106.44 106.44 106.44 106.44 106.44 106.44 106.44 106.44 106.44 106.44 106.44 106.44 106.44 106.44 106.44 106.44 106.44 106.44 106.44 106.44 106.44 106.44 106.44 106.44 106.44 106.44 106.44 106.44 106.44 106.44 106.44 106.44 106.44 106.44 106.44 106.44 106.44 106.44 106.44 106.44 106.44 106.44 106.44 106.44 106.44 106.44 106.44 106.44 106.44 106.44 106.44 106.44 106.44 106.44 106.44 106.44 106.44 106.44 106.44
343.07 343.07 343.07 343.07 343.07 343.07 343.07 343.07 343.07 343.07 343.07 343.07 343.07 343.07 343.07 343.07 343.07 343.07 343.07 343.07 343.07 343.07 343.07 343.07 343.07 343.07 343.07 343.07 343.07 343.07 343.07 343.07 343.07 343.07 343.07 343.07 343.07 343.07 343.07 343.07 343.07 343.07 343.07 343.07 343.07 343.07 343.07 343.07 343.07 343.07 343.07 343.07 343.07 343.07 343.07 343.07 343.07 343.07 343.07 343.07 343.07 343.07
646.39 646.39 646.39 646.39 646.39 646.39 646.39 646.39 646.39 646.39 646.39 646.39 646.39 646.39 646.39 646.39 646.39 646.39 646.39 646.39 646.39 646.39 646.39 646.39 646.39 646.39 646.39 646.39 646.39 646.39 646.39 646.39 646.39 646.39 646.39 646.39 646.39 646.39 646.39 646.39 646.39 646.39 646.39 646.39 646.39 646.39 646.39 646.39 646.39 646.39 646.39 646.39 646.39 646.39 646.39 646.39 646.39 646.39 646.39 646.39 646.39 646.39
904.67 904.67 904.67 904.67 904.67 904.67 904.67 904.67 904.67 904.67 904.67 904.67 904.67 904.67 904.67 904.67 904.67 904.67 904.67 904.67 904.67 904.67 904.67 904.67 904.67 904.67 904.67 904.67 904.67 904.67 904.67 904.67 904.67 904.67 904.67 904.67 904.67 904.67 904.67 904.67 904.67 904.67 904.67 904.67 904.67 904.67 904.67 904.67 904.67 904.67 904.67 904.67 904.67 904.67 904.67 904.67 904.67 904.67 904.67 904.67 904.67 904.67
999.43 999.43 999.43 999.43 999.43 999.43 999.43 999.43 999.43 999.43 999.43 999.43 999.43 999.43 999.43 999.43 999.43 999.43 999.43 999.43 999.43 999.43 999.43 999.43 999.43 999.43 999.43 999.43 999.43 999.43 999.43 999.43 999.43 999.43 999.43 999.43 999.43 999.43 999.43 999.43 999.43 999.43 999.43 999.43 999.43 999.43 999.43 999.43 999.43 999.43 999.43 999.43 999.43 999.43 999.43 999.43 999.43 999.43 999.43 999.43 999.43 999.43
864.97 864.97 864.97 864.97 864.97 864.97 864.97 864.97 864.97 864.97 864.97 864.97 864.97 864.97 864.97 864.97 864.97 864.97 864.97 864.97 864.97 864.97 864.97 864.97 864.97 864.97 864.97 864.97 864.97 864.97 864.97 864.97 864.97 864.97 864.97 864.97 864.97 864.97 864.97 864.97 864.97 864.97 864.97 864.97 864.97 864.97 864.97 864.97 864.97 864.97 864.97 864.97 864.97 864.97 864.97 864.97 864.97 864.97 864.97 864.97 864.97 864.97
541.85 541.85 541.85 541.85 541.85 541.85 541.85 541.85 541.85 541.85 541.85 541.85 541.85 541.85 541.85 541.85 541.85 541.85 541.85 541.85 541.85 541.85 541.85 541.85 541.85 541.85 541.85 541.85 541.85 541.85 541.85 541.85 541.85 541.85 541.85 541.85 541.85 541.85 541.85 541.85 541.85 541.85 541.85 541.85 541.85 541.85 541.85 541.85 541.85 541.85 541.85 541.85 541.85 541.85 541.85 541.85 541.85 541.85 541.85 541.85 541.85 541.85
185.55 185.55 185.55 185.55 185.55 185.55 185.55 185.55 185.55 185.55 185.55 185.55 185.55 185.55 185.55 185.55 185.55 185.55 185.55 185.55 185.55 185.55 185.55 185.55 185.55 185.55 185.55 185.55 185.55 185.55 185.55 185.55 185.55 185.55 185.55 185.55 185.55 185.55 185.55 185.55 185.55 185.55 185.55 185.55 185.55 185.55 185.55 185.55 185.55 185.55 185.55 185.55 185.55 185.55 185.55 185.55 185.55 185.55 185.55 185.55 185.55 185.55
2.36 2.36 2.36 2.36 2.36 2.36 2.36 2.36 2.36 2.36 2.36 2.36 2.36 2.36 2.36 2.36 2.36 2.36 2.36 2.36 2.36 2.36 2.36 2.36 2.36 2.36 2.36 2.36 2.36 2.36 2.36 2.36 2.36 2.36 2.36 2.36 2.36 2.36 2.36 2.36 2.36 2.36 2.36 2.36 2.36 2.36 2.36 2.36 2.36 2.36 2.36 2.36 2.36 2.36 2.36 2.36 2.36 2.36 2.36 2.36 2.36 2.36
125.99 125.99 125.99 125.99 125.99 125.99 125.99 125.99 125.99 125.99 125.99 125.99 125.99 125.99 125.99 125.99 125.99 125.99 125.99 125.99 125.99 125.99 125.99 125.99 125.99 125.99 125.99 125.99 125.99 125.99 125.99 125.99 125.99 125.99 125.99 125.99 125.99 125.99 125.99 125.99 125.99 125.99 125.99 125.99 125.99 125.99 125.99 125.99 125.99 125.99 125.99 125.99 125.99 125.99 125.99 125.99 125.99 125.99 125.99 125.99 125.99 125.99
503.70 503.70 503.70 503.70 503.70 503.70 503.70 503.70 503.70 503.70 503.70 503.70 503.70 503.70 503.70 503.70 503.70 503.70 503.70 503.70 503.70 503.70 503.70 503.70 503.70 503.70 503.70 503.70 503.70 503.70 503.70 503.70 503.70 503.70 503.70 503.70 503.70 503.70 503.70 503.70 503.70 503.70 503.70 503.70 503.70 503.70 503.70 503.70 503.70 503.70 503.70 503.70 503.70 503.70 503.70 503.70 503.70 503.70 503.70 503.70 503.70 503.70
888.34 888.34 888.34 888.34 888.34 888.34 888.34 888.34 888.34 888.34 888.34 888.34 888.34 888.34 888.34 888.34 888.34 888.34 888.34 888.34 888.34 888.34 888.34 888.34 888.34 888.34 888.34 888.34 888.34 888.34 888.34 888.34 888.34 888.34 888.34 888.34 888.34 888.34 888.34 888.34 888.34 888.34 888.34 888.34 888.34 888.34 888.34 888.34 888.34 888.34 888.34 888.34 888.34 888.34 888.34 888.34 888.34 888.34 888.34 888.34 888.34 888.34
986.83 986.83 986.83 986.83 986.83 986.83 986.83 986.83 986.83 986.83 986.83 986.83 986.83 986.83 986.83 986.83 986.83 986.83 986.83 986.83 986.83 986.83 986.83 986.83 986.83 986.83 986.83 986.83 986.83 986.83 986.83 986.83 986.83 986.83 986.83 986.83 986.83 986.83 986.83 986.83 986.83 986.83 986.83 986.83 986.83 986.83 986.83 986.83 986.83 986.83 986.83 986.83 986.83 986.83 986.83 986.83 986.83 986.83 986.83 986.83 986.83 986.83
694.60 694.60 694.60 694.60 694.60 694.60 694.60 694.60 694.60 694.60 694.60 694.60 694.60 694.60 694.60 694.60 694.60 694.60 694.60 694.60 694.60 694.60 694.60 694.60 694.60 694.60 694.60 694.60 694.60 694.60 694.60 694.60 694.60 694.60 694.60 694.60 694.60 694.60 694.60 694.60 694.60 694.60 694.60 694.60 694.60 694.60 694.60 694.60 694.60 694.60 694.60 694.60 694.60 694.60 694.60 694.60 694.60 694.60 694.60 694.60 694.60 694.60
229.88 229.88 229.88 229.88 229.88 229.88 229.88 229.88 229.88 229.88 229.88 229.88 229.88 229.88 229.88 229.88 229.88 229.88 229.88 229.88 229.88 229.88 229.88 229.88 229.88 229.88 229.88 229.88 229.88 229.88 229.88 229.88 229.88 229.88 229.88 229.88 229.88 229.88 229.88 229.88 229.88 229.88 229.88 229.88 229.88 229.88 229.88 229.88 229.88 229.88 229.88 229.88 229.88 229.88 229.88 229.88 229.88 229.88 229.88 229.88 229.88 229.88
0.00 0.00 0.00 0.00 0.00 0.00 0.00 0.00 0.00 0.00 0.00 0.00 0.00 0.00 0.00 0.00 0.00 0.00 0.00 0.00 0.00 0.00 0.00 0.00 0.00 0.00 0.00 0.00 0.00 0.00 0.00 0.00 0.00 0.00 0.00 0.00 0.00 0.00 0.00 0.00 0.00 0.00 0.00 0.00 0.00 0.00 0.00 0.00 0.00 0.00 0.00 0.00 0.00 0.00 0.00 0.00 0.00 0.00 0.00 0.00 0.00 0.00
242.35 242.35 242.35 242.35 242.35 242.35 242.35 242.35 242.35 242.35 242.35 242.35 242.35 242.35 242.35 242.35 242.35 242.35 242.35 242.35 242.35 242.35 242.35 242.35 242.35 242.35 242.35 242.35 242.35 242.35 242.35 242.35 242.35 242.35 242.35 242.35 242.35 242.35 242.35 242.35 242.35 242.35 242.35 242.35 242.35 242.35 242.35 242.35 242.35 242.35 242.35 242.35 242.35 242.35 242.35 242.35 242.35 242.35 242.35 242.35 242.35 242.35
747.42 747.42 747.42 747.42 747.42 747.42 747.42 747.42 747.42 747.42 747.42 747.42 747.42 747.42 747.42 747.42 747.42 747.42 747.42 747.42 747.42 747.42 747.42 747.42 747.42 747.42 747.42 747.42 747.42 747.42 747.42 747.42 747.42 747.42 747.42 747.42 747.42 747.42 747.42 747.42 747.42 747.42 747.42 747.42 747.42 747.42 747.42 747.42 747.42 747.42 747.42 747.42 747.42 747.42 747.42 747.42 747.42 747.42 747.42 747.42 747.42 747.42
999.69 999.69 999.69 999.69 999.69 999.69 999.69 999.69 999.69 999.69 999.69 999.69 999.69 999.69 999.69 999.69 999.69 999.69 999.69 999.69 999.69 999.69 999.69 999.69 999.69 999.69 999.69 999.69 999.69 999.69 999.69 999.69 999.69 999.69 999.69 999.69 999.69 999.69 999.69 999.69 999.69 999.69 999.69 999.69 999.69 999.69 999.69 999.69 999.69 999.69 999.69 999.69 999.69 999.69 999.69 999.69 999.69 999.69 999.69 999.69 999.69 999.69
702.68 702.68 702.68 702.68 702.68 702.68 702.68 702.68 702.68 702.68 702.68 702.68 702.68 702.68 702.68 702.68 702.68 702.68 702.68 702.68 702.68 702.68 702.68 702.68 702.68 702.68 702.68 702.68 702.68 702.68 702.68 702.68 702.68 702.68 702.68 702.68 702.68 702.68 702.68 702.68 702.68 702.68 702.68 702.68 702.68 702.68 702.68 702.68 702.68 702.68 702.68 702.68 702.68 702.68 702.68 702.68 702.68 702.68 702.68 702.68 702.68 702.68
166.50 166.50 166.50 166.50 166.50 166.50 166.50 166.50 166.50 166.50 166.50 166.50 166.50 166.50 166.50 166.50 166.50 166.50 166.50 166.50 166.50 166.50 166.50 166.50 166.50 166.50 166.50 166.50 166.50 166.50 166.50 166.50 166.50 166.50 166.50 166.50 166.50 166.50 166.50 166.50 166.50 166.50 166.50 166.50 166.50 166.50 166.50 166.50 166.50 166.50 166.50 166.50 166.50 166.50 166.50 166.50 166.50 166.50 166.50 166.50 166.50 166.50
28.03 28.03 28.03 28.03 28.03 28.03 28.03 28.03 28.03 28.03 28.03 28.03 28.03 28.03 28.03 28.03 28.03 28.03 28.03 28.03 28.03 28.03 28.03 28.03 28.03 28.03 28.03 28.03 28.03 28.03 28.03 28.03 28.03 28.03 28.03 28.03 28.03 28.03 28.03 28.03 28.03 28.03 28.03 28.03 28.03 28.03 28.03 28.03 28.03 28.03 28.03 28.03 28.03 28.03 28.03 28.03 28.03 28.03 28.03 28.03 28.03 28.03
